0.14480362239814304 0.012968542557400601 
0.3697406332656364 0.034001155171829195 
0.23567553006657144 0.01713531049890678 
0.22122791031125633 0.0025994040192579386 
0.21707860249467265 0.001095773655503821 
0.21304388614485367 0.0019848632531255187 
0.2249240499077999 0.004448693780231251 
0.25970521359935145 0.010505082466594404 
0.2568377491899509 0.016175417326159448 
0.21244119816119772 0.002389723776658203 
0.2639197257574474 0.010505049853018353 
0.2296967126034 0.017521557677234786 
0.23889017244136332 0.002112422933001991 
0.2342752395872114 0.011393485822827693 
0.23262503299700765 0.02813228191757297 
0.2328725821066593 0.020150066751834013 
0.2608211205824086 0.003684452446603261 
0.25816892185384127 0.005399076071046609 
0.20541869776375973 0.01419637883471183 
0.26841251842665026 0.01451120643612548 
0.21026640531404484 0.003938858888290063 
0.2431453521860688 0.019889255171474718 
0.2645192841687342 0.005895373086627853 
0.25077139065446696 0.04756883728436728 
0.25104095932212184 0.04111073430575506 
0.2765004767487589 0.02272068336735903 
0.2516751101716109 0.01073319371595053 
0.27232072568467597 0.009582755111098969 
0.2019148583446311 0.004076410201648551 
0.19971755680353603 0.016115077428358576 
