0.14480362239814304 6.9954641035996 
0.3697406332656364 2.796558079211601 
0.23567553006657144 4.315829098640813 
0.22122791031125633 4.531975204252718 
0.21707860249467265 4.611674122418729 
0.21304388614485367 4.7031852515676125 
0.2249240499077999 4.465723848525631 
0.25970521359935145 3.8909695668470703 
0.2568377491899509 3.9564877847244375 
0.21244119816119772 4.718433771099603 
0.2639197257574474 3.8288348737589715 
0.2296967126034 4.429848151262454 
0.23889017244136332 4.194866673215597 
0.2342752395872114 4.317116429396825 
0.23262503299700765 4.419697522109747 
0.2328725821066593 4.380722099283415 
0.2608211205824086 3.84817169025804 
0.25816892185384127 3.894345875760519 
0.20541869776375973 4.937215501195909 
0.26841251842665026 3.7796717246381464 
0.21026640531404484 4.774604185527641 
0.2431453521860688 4.194566114473768 
0.2645192841687342 3.8027298321470475 
0.25077139065446696 4.177385763784323 
0.25104095932212184 4.147174776247805 
0.2765004767487589 3.6988026038618744 
0.2516751101716109 4.016023646624241 
0.27232072568467597 3.707329850024376 
0.2019148583446311 4.972771288024168 
0.19971755680353603 5.087760403698109 
