0.4419598915989023 2.323796318537914 
0.4543928354121157 2.468784797723172 
0.996182633938156 1.1830740521819318 
0.9708473623109424 1.0397455187363076 
0.30392096760722076 3.4688092784967512 
0.8663352530820709 1.2563015499659325 
0.32006600359022214 3.5899005900345125 
0.10669428399046814 10.93306114485832 
0.2611007495966901 4.257634852148126 
0.3535393610989936 3.0089830135429914 
0.8268120578439546 1.2658408688924856 
0.7005346572316322 1.4327080497310278 
0.21628264955224227 5.37382090164945 
0.18574161760367203 5.9098922080530825 
0.2806574127851726 3.7945575362450614 
0.5238068645361715 2.136276415539373 
0.5417011891898988 1.8467965062173366 
0.3312214408256399 3.2834915678083623 
0.4813003524348537 2.513100262906476 
0.2630391781824692 4.471758800692931 
