0.2547578399729027 0.16431507372743992 
0.10393851710306122 0.022159666036788327 
0.17204833302863298 0.103162313242799 
0.5000274697284981 0.0705241891481375 
0.14188246693001483 0.049486119709014155 
0.2760528099151749 0.036281672818133846 
0.4358969520714723 0.15135162718238895 
0.4123916337316921 0.11972936973802929 
0.18676178864036866 0.11820529406742479 
0.5369612184624352 0.01595797405630981 
0.13380052083222504 0.01888440542597915 
0.38742056563116856 0.046259051735840724 
0.21178722123427146 0.012380974069809106 
0.4715536117746937 0.05654826744019062 
0.2159301931981463 0.004575165357764907 
0.2706255640169852 0.060525444486641586 
0.1931354700500698 0.132412851117892 
0.1407634671160515 0.3057474055667191 
0.21142426237223377 0.17254717558197857 
0.63374478521298 0.04684676718176919 
